INTGRL        1    0    1    0    0    0    0    0    0
CFOUR
              Generated by Gaussian2gimic
21    0            0.10E-08              0    0
9999.00      3.00
6.0    1   3   3   2   1
C 1     -5.066777150000     -1.315128440000      0.000049132879
     6   1
   3047.5248800000      0.0018347371
    457.3695180000      0.0140373228
    103.9486850000      0.0688426223
     29.2101553000      0.2321844430
      9.2866629600      0.4679413480
      3.1639269600      0.3623119850
     3   1
      7.8682723500     -0.1193324200
      1.8812885400     -0.1608541520
      0.5442492580      1.1434564400
     1   1
      0.1687144780      1.0000000000
     3   1
      7.8682723500      0.0689990666
      1.8812885400      0.3164239610
      0.5442492580      0.7443082910
     1   1
      0.1687144780      1.0000000000
     1   1
      0.8000000000      1.0000000000
1.0    1   1   2
H 1     -6.992449640000     -2.038749930000      0.000083147949
     3   1
     18.7311370000      0.0334946043
      2.8253943600      0.2347269530
      0.6401216920      0.8137573260
     1   1
      0.1612777590      1.0000000000
6.0    1   3   3   2   1
C 1     -4.863947170000      1.314820410000      0.000222987683
     6   1
   3047.5248800000      0.0018347371
    457.3695180000      0.0140373228
    103.9486850000      0.0688426223
     29.2101553000      0.2321844430
      9.2866629600      0.4679413480
      3.1639269600      0.3623119850
     3   1
      7.8682723500     -0.1193324200
      1.8812885400     -0.1608541520
      0.5442492580      1.1434564400
     1   1
      0.1687144780      1.0000000000
     3   1
      7.8682723500      0.0689990666
      1.8812885400      0.3164239610
      0.5442492580      0.7443082910
     1   1
      0.1687144780      1.0000000000
     1   1
      0.8000000000      1.0000000000
1.0    1   1   2
H 1     -6.641533170000      2.344919570000      0.000368496594
     3   1
     18.7311370000      0.0334946043
      2.8253943600      0.2347269530
      0.6401216920      0.8137573260
     1   1
      0.1612777590      1.0000000000
6.0    1   3   3   2   1
C 1     -2.686956220000      2.790602030000      0.000221097957
     6   1
   3047.5248800000      0.0018347371
    457.3695180000      0.0140373228
    103.9486850000      0.0688426223
     29.2101553000      0.2321844430
      9.2866629600      0.4679413480
      3.1639269600      0.3623119850
     3   1
      7.8682723500     -0.1193324200
      1.8812885400     -0.1608541520
      0.5442492580      1.1434564400
     1   1
      0.1687144780      1.0000000000
     3   1
      7.8682723500      0.0689990666
      1.8812885400      0.3164239610
      0.5442492580      0.7443082910
     1   1
      0.1687144780      1.0000000000
     1   1
      0.8000000000      1.0000000000
1.0    1   1   2
H 1     -2.985680350000      4.827961120000      0.000255113027
     3   1
     18.7311370000      0.0334946043
      2.8253943600      0.2347269530
      0.6401216920      0.8137573260
     1   1
      0.1612777590      1.0000000000
6.0    1   3   3   2   1
C 1     -0.172446957000      2.031846760000      0.000041573975
     6   1
   3047.5248800000      0.0018347371
    457.3695180000      0.0140373228
    103.9486850000      0.0688426223
     29.2101553000      0.2321844430
      9.2866629600      0.4679413480
      3.1639269600      0.3623119850
     3   1
      7.8682723500     -0.1193324200
      1.8812885400     -0.1608541520
      0.5442492580      1.1434564400
     1   1
      0.1687144780      1.0000000000
     3   1
      7.8682723500      0.0689990666
      1.8812885400      0.3164239610
      0.5442492580      0.7443082910
     1   1
      0.1687144780      1.0000000000
     1   1
      0.8000000000      1.0000000000
6.0    1   3   3   2   1
C 1      1.930436490000      3.629292720000     -0.000124721924
     6   1
   3047.5248800000      0.0018347371
    457.3695180000      0.0140373228
    103.9486850000      0.0688426223
     29.2101553000      0.2321844430
      9.2866629600      0.4679413480
      3.1639269600      0.3623119850
     3   1
      7.8682723500     -0.1193324200
      1.8812885400     -0.1608541520
      0.5442492580      1.1434564400
     1   1
      0.1687144780      1.0000000000
     3   1
      7.8682723500      0.0689990666
      1.8812885400      0.3164239610
      0.5442492580      0.7443082910
     1   1
      0.1687144780      1.0000000000
     1   1
      0.8000000000      1.0000000000
1.0    1   1   2
H 1      1.864252620000      5.674908020000     -0.000213539052
     3   1
     18.7311370000      0.0334946043
      2.8253943600      0.2347269530
      0.6401216920      0.8137573260
     1   1
      0.1612777590      1.0000000000
6.0    1   3   3   2   1
C 1      4.110362190000      2.128203890000     -0.000309915084
     6   1
   3047.5248800000      0.0018347371
    457.3695180000      0.0140373228
    103.9486850000      0.0688426223
     29.2101553000      0.2321844430
      9.2866629600      0.4679413480
      3.1639269600      0.3623119850
     3   1
      7.8682723500     -0.1193324200
      1.8812885400     -0.1608541520
      0.5442492580      1.1434564400
     1   1
      0.1687144780      1.0000000000
     3   1
      7.8682723500      0.0689990666
      1.8812885400      0.3164239610
      0.5442492580      0.7443082910
     1   1
      0.1687144780      1.0000000000
     1   1
      0.8000000000      1.0000000000
1.0    1   1   2
H 1      6.032944980000      2.844030260000     -0.000485659614
     3   1
     18.7311370000      0.0334946043
      2.8253943600      0.2347269530
      0.6401216920      0.8137573260
     1   1
      0.1612777590      1.0000000000
6.0    1   3   3   2   1
C 1      3.481446220000     -0.441560965000      0.000145508912
     6   1
   3047.5248800000      0.0018347371
    457.3695180000      0.0140373228
    103.9486850000      0.0688426223
     29.2101553000      0.2321844430
      9.2866629600      0.4679413480
      3.1639269600      0.3623119850
     3   1
      7.8682723500     -0.1193324200
      1.8812885400     -0.1608541520
      0.5442492580      1.1434564400
     1   1
      0.1687144780      1.0000000000
     3   1
      7.8682723500      0.0689990666
      1.8812885400      0.3164239610
      0.5442492580      0.7443082910
     1   1
      0.1687144780      1.0000000000
     1   1
      0.8000000000      1.0000000000
6.0    1   3   3   2   1
C 1      0.825262296000     -0.610878536000     -0.000287238371
     6   1
   3047.5248800000      0.0018347371
    457.3695180000      0.0140373228
    103.9486850000      0.0688426223
     29.2101553000      0.2321844430
      9.2866629600      0.4679413480
      3.1639269600      0.3623119850
     3   1
      7.8682723500     -0.1193324200
      1.8812885400     -0.1608541520
      0.5442492580      1.1434564400
     1   1
      0.1687144780      1.0000000000
     3   1
      7.8682723500      0.0689990666
      1.8812885400      0.3164239610
      0.5442492580      0.7443082910
     1   1
      0.1687144780      1.0000000000
     1   1
      0.8000000000      1.0000000000
6.0    1   3   3   2   1
C 1     -3.185216530000     -3.153661880000     -0.000175744530
     6   1
   3047.5248800000      0.0018347371
    457.3695180000      0.0140373228
    103.9486850000      0.0688426223
     29.2101553000      0.2321844430
      9.2866629600      0.4679413480
      3.1639269600      0.3623119850
     3   1
      7.8682723500     -0.1193324200
      1.8812885400     -0.1608541520
      0.5442492580      1.1434564400
     1   1
      0.1687144780      1.0000000000
     3   1
      7.8682723500      0.0689990666
      1.8812885400      0.3164239610
      0.5442492580      0.7443082910
     1   1
      0.1687144780      1.0000000000
     1   1
      0.8000000000      1.0000000000
1.0    1   1   2
H 1     -3.840590560000     -5.100901820000     -0.000187082886
     3   1
     18.7311370000      0.0334946043
      2.8253943600      0.2347269530
      0.6401216920      0.8137573260
     1   1
      0.1612777590      1.0000000000
6.0    1   3   3   2   1
C 1     -0.567446961000     -2.829322520000     -0.000340150702
     6   1
   3047.5248800000      0.0018347371
    457.3695180000      0.0140373228
    103.9486850000      0.0688426223
     29.2101553000      0.2321844430
      9.2866629600      0.4679413480
      3.1639269600      0.3623119850
     3   1
      7.8682723500     -0.1193324200
      1.8812885400     -0.1608541520
      0.5442492580      1.1434564400
     1   1
      0.1687144780      1.0000000000
     3   1
      7.8682723500      0.0689990666
      1.8812885400      0.3164239610
      0.5442492580      0.7443082910
     1   1
      0.1687144780      1.0000000000
     1   1
      0.8000000000      1.0000000000
1.0    1   1   2
H 1      0.536532931000     -4.567605990000     -0.000379834951
     3   1
     18.7311370000      0.0334946043
      2.8253943600      0.2347269530
      0.6401216920      0.8137573260
     1   1
      0.1612777590      1.0000000000
6.0    1   3   3   2   1
C 1      5.302023480000     -2.613559260000      0.000413850021
     6   1
   3047.5248800000      0.0018347371
    457.3695180000      0.0140373228
    103.9486850000      0.0688426223
     29.2101553000      0.2321844430
      9.2866629600      0.4679413480
      3.1639269600      0.3623119850
     3   1
      7.8682723500     -0.1193324200
      1.8812885400     -0.1608541520
      0.5442492580      1.1434564400
     1   1
      0.1687144780      1.0000000000
     3   1
      7.8682723500      0.0689990666
      1.8812885400      0.3164239610
      0.5442492580      0.7443082910
     1   1
      0.1687144780      1.0000000000
     1   1
      0.8000000000      1.0000000000
1.0    1   1   2
H 1      5.066748800000     -3.819692080000      1.669792240000
     3   1
     18.7311370000      0.0334946043
      2.8253943600      0.2347269530
      0.6401216920      0.8137573260
     1   1
      0.1612777590      1.0000000000
1.0    1   1   2
H 1      5.066792270000     -3.819986870000     -1.668751000000
     3   1
     18.7311370000      0.0334946043
      2.8253943600      0.2347269530
      0.6401216920      0.8137573260
     1   1
      0.1612777590      1.0000000000
1.0    1   1   2
H 1      7.252543990000     -1.928796210000      0.000377945225
     3   1
     18.7311370000      0.0334946043
      2.8253943600      0.2347269530
      0.6401216920      0.8137573260
     1   1
      0.1612777590      1.0000000000
